# Blender v2.79 (sub 0) OBJ File: 'groundE.blend'
# www.blender.org
mtllib groundE.mtl
o Cube.060_Cube.066
v -0.990472 -0.786877 1.708761
v -0.990472 0.196095 1.663434
v -0.990472 -0.761534 1.546186
v -0.990472 0.061069 1.540827
v -2.032128 -0.786877 1.708761
v -2.032128 0.196095 1.663434
v -2.032128 -0.761534 1.546186
v -2.032128 0.061069 1.540827
v -0.990472 0.582266 0.974970
v -0.990472 0.390912 1.018239
v -2.032128 0.390912 1.018239
v -2.032128 0.582266 0.974970
v -1.307053 -0.882052 -1.736573
v -1.307053 -0.903840 -1.662787
v -1.715546 -0.903840 -1.662787
v -1.715546 -0.882052 -1.736573
v -1.307053 -1.199288 -1.794630
v -1.307053 -1.156413 -1.730749
v -1.715546 -1.156413 -1.730749
v -1.715546 -1.199288 -1.794630
v -1.307053 -1.349136 -1.731165
v -1.307053 -1.340223 -1.654747
v -1.715546 -1.340223 -1.654747
v -1.715546 -1.349136 -1.731165
vn 1.0000 -0.0000 0.0000
vn 0.0000 -0.0065 -1.0000
vn -1.0000 -0.0000 0.0000
vn 0.0000 0.0461 0.9989
vn 0.0000 -0.9881 -0.1540
vn -0.9946 -0.0501 -0.0912
vn 0.0000 0.8722 0.4892
vn 0.0000 -0.8456 -0.5337
vn 0.0000 0.1800 -0.9837
vn 0.9946 -0.0501 -0.0912
vn 0.0000 0.8799 -0.4752
vn 0.0000 -0.9005 0.4349
vn 0.0000 -0.2598 0.9657
vn 0.0000 -0.9933 0.1159
vn 0.0000 -0.3900 -0.9208
vn 0.0000 0.3821 0.9241
usemtl None
s off
f 1//1 3//1 4//1 2//1
f 3//2 7//2 8//2 4//2
f 7//3 5//3 6//3 8//3
f 5//4 1//4 2//4 6//4
f 3//5 1//5 5//5 7//5
f 6//3 12//3 11//3 8//3
f 12//6 16//6 15//6 11//6
f 4//1 10//1 9//1 2//1
f 2//7 9//7 12//7 6//7
f 8//8 11//8 10//8 4//8
f 13//9 17//9 20//9 16//9
f 10//10 14//10 13//10 9//10
f 9//11 13//11 16//11 12//11
f 11//12 15//12 14//12 10//12
f 20//3 24//3 23//3 19//3
f 15//13 19//13 18//13 14//13
f 16//3 20//3 19//3 15//3
f 14//1 18//1 17//1 13//1
f 23//14 24//14 21//14 22//14
f 18//1 22//1 21//1 17//1
f 17//15 21//15 24//15 20//15
f 19//16 23//16 22//16 18//16
o Cylinder.009
v -0.947779 -0.408260 0.344628
v -2.007918 -0.408260 0.344628
v -0.947779 -0.783076 0.499882
v -2.007918 -0.783076 0.499882
v -0.947779 -0.938329 0.874697
v -2.007917 -0.938329 0.874697
v -0.947779 -0.783076 1.249513
v -2.007918 -0.783076 1.249513
v -0.947779 -0.408260 1.404766
v -2.007918 -0.408260 1.404766
v -0.947779 -0.033445 1.249513
v -2.007918 -0.033445 1.249513
v -0.947780 0.121809 0.874697
v -2.007918 0.121809 0.874697
v -0.947779 -0.033445 0.499882
v -2.007918 -0.033445 0.499882
v -2.007918 -0.622551 0.660406
v -2.007918 -0.408260 0.571644
v -2.007918 -0.711313 0.874697
v -2.007918 -0.622551 1.088988
v -2.007918 -0.408260 1.177751
v -2.007918 -0.193969 1.088988
v -2.007918 -0.105207 0.874697
v -2.007918 -0.193969 0.660406
v -1.656901 -0.622551 0.660406
v -1.656901 -0.408260 0.571644
v -1.656901 -0.711313 0.874697
v -1.656901 -0.622551 1.088988
v -1.656901 -0.408260 1.177751
v -1.656901 -0.193969 1.088988
v -1.656902 -0.105207 0.874697
v -1.656901 -0.193969 0.660406
vn 0.0000 -0.3827 -0.9239
vn 0.0000 -0.9239 -0.3827
vn 0.0000 -0.9239 0.3827
vn 0.0000 -0.3827 0.9239
vn -0.0000 0.3827 0.9239
vn -0.0000 0.9239 0.3827
vn -1.0000 0.0000 0.0000
vn -0.0000 0.9239 -0.3827
vn -0.0000 0.3827 -0.9239
vn 1.0000 0.0000 0.0000
usemtl None
s off
f 25//17 27//17 28//17 26//17
f 27//18 29//18 30//18 28//18
f 29//19 31//19 32//19 30//19
f 31//20 33//20 34//20 32//20
f 33//21 35//21 36//21 34//21
f 35//22 37//22 38//22 36//22
f 36//23 46//23 45//23 34//23
f 37//24 39//24 40//24 38//24
f 39//25 25//25 26//25 40//25
f 25//26 39//26 37//26 35//26 33//26 31//26 29//26 27//26
f 43//22 51//22 49//22 41//22
f 26//23 42//23 48//23 40//23
f 28//23 41//23 42//23 26//23
f 32//23 44//23 43//23 30//23
f 38//23 47//23 46//23 36//23
f 34//23 45//23 44//23 32//23
f 40//23 48//23 47//23 38//23
f 30//23 43//23 41//23 28//23
f 49//23 51//23 52//23 53//23 54//23 55//23 56//23 50//23
f 48//19 56//19 55//19 47//19
f 46//17 54//17 53//17 45//17
f 44//24 52//24 51//24 43//24
f 41//21 49//21 50//21 42//21
f 42//20 50//20 56//20 48//20
f 47//18 55//18 54//18 46//18
f 45//25 53//25 52//25 44//25
o Cylinder.008
v -1.103171 -1.375200 -0.239899
v -1.852526 -1.375200 -0.239899
v -1.103171 -1.640137 -0.130159
v -1.852526 -1.640137 -0.130159
v -1.103171 -1.749877 0.134778
v -1.852526 -1.749877 0.134778
v -1.103171 -1.640137 0.399715
v -1.852526 -1.640137 0.399715
v -1.103171 -1.375200 0.509456
v -1.852526 -1.375200 0.509456
v -1.103171 -1.110263 0.399715
v -1.852526 -1.110263 0.399715
v -1.103171 -1.000522 0.134778
v -1.852526 -1.000522 0.134778
v -1.103171 -1.110263 -0.130158
v -1.852526 -1.110263 -0.130158
v -1.852526 -1.526671 -0.016692
v -1.852526 -1.375200 -0.079434
v -1.852526 -1.589412 0.134778
v -1.852526 -1.526671 0.286249
v -1.852526 -1.375200 0.348991
v -1.852526 -1.223729 0.286249
v -1.852526 -1.160988 0.134778
v -1.852526 -1.223729 -0.016692
v -2.048080 -1.526671 -0.016692
v -2.048080 -1.375200 -0.079434
v -2.048080 -1.589412 0.134778
v -2.048080 -1.526671 0.286249
v -2.048080 -1.375200 0.348991
v -2.048080 -1.223729 0.286249
v -2.048080 -1.160988 0.134778
v -2.048080 -1.223729 -0.016692
vn 0.0000 -0.3827 -0.9239
vn 0.0000 -0.9239 -0.3827
vn 0.0000 -0.9239 0.3827
vn 0.0000 -0.3827 0.9239
vn -0.0000 0.3827 0.9239
vn -0.0000 0.9239 0.3827
vn -1.0000 0.0000 0.0000
vn -0.0000 0.9239 -0.3827
vn -0.0000 0.3827 -0.9239
vn 1.0000 -0.0000 0.0000
usemtl None
s off
f 57//27 59//27 60//27 58//27
f 59//28 61//28 62//28 60//28
f 61//29 63//29 64//29 62//29
f 63//30 65//30 66//30 64//30
f 65//31 67//31 68//31 66//31
f 67//32 69//32 70//32 68//32
f 68//33 78//33 77//33 66//33
f 69//34 71//34 72//34 70//34
f 71//35 57//35 58//35 72//35
f 57//36 71//36 69//36 67//36 65//36 63//36 61//36 59//36
f 75//28 83//28 81//28 73//28
f 58//33 74//33 80//33 72//33
f 60//33 73//33 74//33 58//33
f 64//33 76//33 75//33 62//33
f 70//33 79//33 78//33 68//33
f 66//33 77//33 76//33 64//33
f 72//33 80//33 79//33 70//33
f 62//33 75//33 73//33 60//33
f 81//33 83//33 84//33 85//33 86//33 87//33 88//33 82//33
f 80//34 88//34 87//34 79//34
f 78//31 86//31 85//31 77//31
f 76//29 84//29 83//29 75//29
f 73//27 81//27 82//27 74//27
f 74//35 82//35 88//35 80//35
f 79//32 87//32 86//32 78//32
f 77//30 85//30 84//30 76//30
o Cylinder.007
v -1.084154 -1.265893 -1.486508
v -1.871543 -1.265893 -1.486508
v -1.084154 -1.544277 -1.371198
v -1.871543 -1.544277 -1.371198
v -1.084154 -1.659588 -1.092814
v -1.871543 -1.659588 -1.092814
v -1.084154 -1.544277 -0.814430
v -1.871543 -1.544277 -0.814430
v -1.084154 -1.265893 -0.699120
v -1.871543 -1.265893 -0.699120
v -1.084154 -0.987510 -0.814430
v -1.871543 -0.987510 -0.814430
v -1.084154 -0.872199 -1.092814
v -1.871543 -0.872199 -1.092814
v -1.084154 -0.987510 -1.371198
v -1.871543 -0.987510 -1.371198
v -1.871543 -1.425052 -1.251973
v -1.871543 -1.265893 -1.317899
v -1.871543 -1.490978 -1.092814
v -1.871543 -1.425052 -0.933656
v -1.871543 -1.265893 -0.867730
v -1.871543 -1.106735 -0.933656
v -1.871543 -1.040809 -1.092814
v -1.871543 -1.106735 -1.251973
v -1.610835 -1.425052 -1.251973
v -1.610835 -1.265893 -1.317899
v -1.610835 -1.490978 -1.092814
v -1.610835 -1.425052 -0.933656
v -1.610835 -1.265893 -0.867730
v -1.610835 -1.106735 -0.933656
v -1.610835 -1.040809 -1.092814
v -1.610835 -1.106735 -1.251973
vn 0.0000 -0.3827 -0.9239
vn 0.0000 -0.9239 -0.3827
vn 0.0000 -0.9239 0.3827
vn 0.0000 -0.3827 0.9239
vn 0.0000 0.3827 0.9239
vn -0.0000 0.9239 0.3827
vn -1.0000 -0.0000 0.0000
vn -0.0000 0.9239 -0.3827
vn 0.0000 0.3827 -0.9239
vn 1.0000 0.0000 0.0000
usemtl None
s off
f 89//37 91//37 92//37 90//37
f 91//38 93//38 94//38 92//38
f 93//39 95//39 96//39 94//39
f 95//40 97//40 98//40 96//40
f 97//41 99//41 100//41 98//41
f 99//42 101//42 102//42 100//42
f 100//43 110//43 109//43 98//43
f 101//44 103//44 104//44 102//44
f 103//45 89//45 90//45 104//45
f 89//46 103//46 101//46 99//46 97//46 95//46 93//46 91//46
f 107//42 115//42 113//42 105//42
f 90//43 106//43 112//43 104//43
f 92//43 105//43 106//43 90//43
f 96//43 108//43 107//43 94//43
f 102//43 111//43 110//43 100//43
f 98//43 109//43 108//43 96//43
f 104//43 112//43 111//43 102//43
f 94//43 107//43 105//43 92//43
f 113//43 115//43 116//43 117//43 118//43 119//43 120//43 114//43
f 112//39 120//39 119//39 111//39
f 110//37 118//37 117//37 109//37
f 108//44 116//44 115//44 107//44
f 105//41 113//41 114//41 106//41
f 106//40 114//40 120//40 112//40
f 111//38 119//38 118//38 110//38
f 109//45 117//45 116//45 108//45
o Cylinder.006
v -1.256898 -0.595589 -0.573846
v -1.698799 -0.595589 -0.573846
v -1.256898 -0.751824 -0.509131
v -1.698799 -0.751824 -0.509131
v -1.256898 -0.816539 -0.352895
v -1.698799 -0.816539 -0.352895
v -1.256898 -0.751824 -0.196659
v -1.698799 -0.751824 -0.196659
v -1.256898 -0.595589 -0.131945
v -1.698799 -0.595589 -0.131945
v -1.256898 -0.439353 -0.196660
v -1.698799 -0.439353 -0.196660
v -1.256898 -0.374638 -0.352895
v -1.698799 -0.374638 -0.352895
v -1.256898 -0.439353 -0.509131
v -1.698799 -0.439353 -0.509131
v -1.698799 -0.684912 -0.442219
v -1.698799 -0.595589 -0.479218
v -1.698799 -0.721912 -0.352895
v -1.698799 -0.684912 -0.263572
v -1.698799 -0.595589 -0.226572
v -1.698799 -0.506265 -0.263572
v -1.698799 -0.469266 -0.352895
v -1.698799 -0.506265 -0.442219
v -1.820000 -0.684912 -0.442219
v -1.820000 -0.595589 -0.479218
v -1.820000 -0.721912 -0.352895
v -1.820000 -0.684912 -0.263572
v -1.820000 -0.595589 -0.226572
v -1.820000 -0.506265 -0.263572
v -1.820000 -0.469266 -0.352895
v -1.820000 -0.506265 -0.442219
vn 0.0000 -0.3827 -0.9239
vn 0.0000 -0.9239 -0.3827
vn 0.0000 -0.9239 0.3827
vn 0.0000 -0.3827 0.9239
vn -0.0000 0.3827 0.9239
vn -0.0000 0.9239 0.3827
vn -1.0000 0.0000 0.0000
vn -0.0000 0.9239 -0.3827
vn -0.0000 0.3827 -0.9239
vn 1.0000 0.0000 0.0000
usemtl None
s off
f 121//47 123//47 124//47 122//47
f 123//48 125//48 126//48 124//48
f 125//49 127//49 128//49 126//49
f 127//50 129//50 130//50 128//50
f 129//51 131//51 132//51 130//51
f 131//52 133//52 134//52 132//52
f 132//53 142//53 141//53 130//53
f 133//54 135//54 136//54 134//54
f 135//55 121//55 122//55 136//55
f 121//56 135//56 133//56 131//56 129//56 127//56 125//56 123//56
f 139//48 147//48 145//48 137//48
f 122//53 138//53 144//53 136//53
f 124//53 137//53 138//53 122//53
f 128//53 140//53 139//53 126//53
f 134//53 143//53 142//53 132//53
f 130//53 141//53 140//53 128//53
f 136//53 144//53 143//53 134//53
f 126//53 139//53 137//53 124//53
f 145//53 147//53 148//53 149//53 150//53 151//53 152//53 146//53
f 144//54 152//54 151//54 143//54
f 142//51 150//51 149//51 141//51
f 140//49 148//49 147//49 139//49
f 137//47 145//47 146//47 138//47
f 138//55 146//55 152//55 144//55
f 143//52 151//52 150//52 142//52
f 141//50 149//50 148//50 140//50
o Cube.059_Cube.065
v -0.972443 -1.577545 0.609325
v -0.972443 -1.540867 0.588878
v -0.972443 -1.730482 0.334983
v -0.972443 -1.693804 0.314536
v -1.889791 -1.577545 0.609325
v -1.889791 -1.540867 0.588878
v -1.889791 -1.730482 0.334983
v -1.889791 -1.693804 0.314536
vn 1.0000 0.0000 0.0000
vn 0.0000 -0.4869 -0.8734
vn -1.0000 0.0000 0.0000
vn 0.0000 0.4869 0.8734
vn 0.0000 -0.8734 0.4869
vn 0.0000 0.8734 -0.4869
usemtl None
s off
f 153//57 155//57 156//57 154//57
f 155//58 159//58 160//58 156//58
f 159//59 157//59 158//59 160//59
f 157//60 153//60 154//60 158//60
f 155//61 153//61 157//61 159//61
f 160//62 158//62 154//62 156//62
o Cube.058_Cube.064
v -0.972443 -1.396641 0.861669
v -0.972443 -1.362246 0.837579
v -0.972443 -1.576830 0.604404
v -0.972443 -1.542434 0.580313
v -1.889791 -1.396641 0.861669
v -1.889791 -1.362246 0.837579
v -1.889791 -1.576830 0.604404
v -1.889791 -1.542434 0.580313
vn 1.0000 0.0000 0.0000
vn 0.0000 -0.5737 -0.8191
vn -1.0000 0.0000 0.0000
vn 0.0000 0.5737 0.8191
vn 0.0000 -0.8191 0.5737
vn 0.0000 0.8191 -0.5737
usemtl None
s off
f 161//63 163//63 164//63 162//63
f 163//64 167//64 168//64 164//64
f 167//65 165//65 166//65 168//65
f 165//66 161//66 162//66 166//66
f 163//67 161//67 165//67 167//67
f 168//68 166//68 162//68 164//68
o Cube.057_Cube.063
v -0.975116 -1.193012 1.103454
v -0.975116 -1.161461 1.075743
v -0.975116 -1.400287 0.867466
v -0.975116 -1.368736 0.839754
v -1.892464 -1.193012 1.103454
v -1.892464 -1.161461 1.075743
v -1.892464 -1.400287 0.867466
v -1.892464 -1.368736 0.839754
vn 1.0000 0.0000 0.0000
vn 0.0000 -0.6599 -0.7513
vn -1.0000 0.0000 0.0000
vn 0.0000 0.6599 0.7513
vn 0.0000 -0.7513 0.6599
vn 0.0000 0.7513 -0.6599
usemtl None
s off
f 169//69 171//69 172//69 170//69
f 171//70 175//70 176//70 172//70
f 175//71 173//71 174//71 176//71
f 173//72 169//72 170//72 174//72
f 171//73 169//73 173//73 175//73
f 176//74 174//74 170//74 172//74
o Cube.056_Cube.062
v -0.972443 -0.986473 1.283548
v -0.972443 -0.958443 1.252280
v -0.972443 -1.220345 1.073888
v -0.972443 -1.192315 1.042620
v -1.889791 -0.986473 1.283548
v -1.889791 -0.958443 1.252280
v -1.889791 -1.220345 1.073888
v -1.889791 -1.192315 1.042620
vn 1.0000 0.0000 0.0000
vn 0.0000 -0.7446 -0.6675
vn -1.0000 0.0000 0.0000
vn 0.0000 0.7446 0.6675
vn 0.0000 -0.6675 0.7446
vn 0.0000 0.6675 -0.7446
usemtl None
s off
f 177//75 179//75 180//75 178//75
f 179//76 183//76 184//76 180//76
f 183//77 181//77 182//77 184//77
f 181//78 177//78 178//78 182//78
f 179//79 177//79 181//79 183//79
f 184//80 182//80 178//80 180//80
o Cube.055_Cube.061
v -0.972443 -0.692757 1.394220
v -0.972443 -0.678394 1.354760
v -0.972443 -0.987904 1.286786
v -0.972443 -0.973541 1.247327
v -1.889791 -0.692757 1.394220
v -1.889791 -0.678394 1.354760
v -1.889791 -0.987904 1.286786
v -1.889791 -0.973541 1.247327
vn 1.0000 0.0000 0.0000
vn 0.0000 -0.9397 -0.3420
vn -1.0000 0.0000 0.0000
vn 0.0000 0.9397 0.3420
vn 0.0000 -0.3420 0.9397
vn 0.0000 0.3420 -0.9397
usemtl None
s off
f 185//81 187//81 188//81 186//81
f 187//82 191//82 192//82 188//82
f 191//83 189//83 190//83 192//83
f 189//84 185//84 186//84 190//84
f 187//85 185//85 189//85 191//85
f 192//86 190//86 186//86 188//86
o Cube.054_Cube.060
v -0.974096 -0.402728 1.459878
v -0.973868 -0.392997 1.419030
v -0.971049 -0.708255 1.387113
v -0.970821 -0.698524 1.346264
v -1.891413 -0.410230 1.452971
v -1.891185 -0.400499 1.412122
v -1.888366 -0.715757 1.380205
v -1.888138 -0.706026 1.339357
vn 0.9999 0.0082 0.0075
vn 0.0097 -0.9727 -0.2317
vn -0.9999 -0.0082 -0.0075
vn -0.0097 0.9727 0.2317
vn -0.0054 -0.2317 0.9728
vn 0.0054 0.2317 -0.9728
usemtl None
s off
f 193//87 195//87 196//87 194//87
f 195//88 199//88 200//88 196//88
f 199//89 197//89 198//89 200//89
f 197//90 193//90 194//90 198//90
f 195//91 193//91 197//91 199//91
f 200//92 198//92 194//92 196//92
o Cube.053_Cube.059
v -0.974096 -0.109990 1.363939
v -0.973868 -0.122955 1.323999
v -0.971049 -0.408711 1.460927
v -0.970821 -0.421676 1.420987
v -1.891413 -0.119991 1.361948
v -1.891185 -0.132957 1.322008
v -1.888366 -0.418713 1.458937
v -1.888138 -0.431678 1.418997
vn 0.9999 0.0109 0.0022
vn 0.0097 -0.9511 0.3088
vn -0.9999 -0.0109 -0.0022
vn -0.0097 0.9511 -0.3088
vn -0.0054 0.3088 0.9511
vn 0.0054 -0.3088 -0.9511
usemtl None
s off
f 201//93 203//93 204//93 202//93
f 203//94 207//94 208//94 204//94
f 207//95 205//95 206//95 208//95
f 205//96 201//96 202//96 206//96
f 203//97 201//97 205//97 207//97
f 208//98 206//98 202//98 204//98
o Cube.052_Cube.058
v -0.980365 0.157463 1.209823
v -0.980137 0.136278 1.173568
v -0.977318 -0.113700 1.368291
v -0.977090 -0.134885 1.332035
v -1.897682 0.147267 1.210012
v -1.897454 0.126082 1.173756
v -1.894635 -0.123896 1.368480
v -1.894407 -0.145081 1.332224
vn 0.9999 0.0111 -0.0002
vn 0.0097 -0.8633 0.5045
vn -0.9999 -0.0111 0.0002
vn -0.0097 0.8633 -0.5045
vn -0.0054 0.5045 0.8634
vn 0.0054 -0.5045 -0.8634
usemtl None
s off
f 209//99 211//99 212//99 210//99
f 211//100 215//100 216//100 212//100
f 215//101 213//101 214//101 216//101
f 213//102 209//102 210//102 214//102
f 211//103 209//103 213//103 215//103
f 216//104 214//104 210//104 212//104
o Cube.051_Cube.057
v -0.993928 0.258351 0.908761
v -0.993700 0.218780 0.894708
v -0.990881 0.153259 1.204729
v -0.990653 0.113688 1.190676
v -1.911245 0.250679 0.915480
v -1.911017 0.211109 0.901427
v -1.908198 0.145587 1.211447
v -1.907970 0.106016 1.197394
vn 0.9999 0.0084 -0.0073
vn 0.0097 -0.3346 0.9423
vn -0.9999 -0.0084 0.0073
vn -0.0097 0.3346 -0.9423
vn -0.0054 0.9423 0.3347
vn 0.0054 -0.9423 -0.3347
usemtl None
s off
f 217//105 219//105 220//105 218//105
f 219//106 223//106 224//106 220//106
f 223//107 221//107 222//107 224//107
f 221//108 217//108 218//108 222//108
f 219//109 217//109 221//109 223//109
f 224//110 222//110 218//110 220//110
o Cube.050_Cube.056
v -0.989376 0.146574 0.609398
v -0.989148 0.107329 0.624335
v -0.986330 0.258305 0.902925
v -0.986102 0.219059 0.917861
v -1.906693 0.145084 0.619487
v -1.906465 0.105839 0.634423
v -1.903647 0.256815 0.913013
v -1.903419 0.217569 0.927950
vn 0.9999 0.0016 -0.0110
vn 0.0097 0.3557 0.9345
vn -0.9999 -0.0016 0.0110
vn -0.0097 -0.3557 -0.9345
vn -0.0054 0.9346 -0.3557
vn 0.0054 -0.9346 0.3557
usemtl None
s off
f 225//111 227//111 228//111 226//111
f 227//112 231//112 232//112 228//112
f 231//113 229//113 230//113 232//113
f 229//114 225//114 226//114 230//114
f 227//115 225//115 229//115 231//115
f 232//116 230//116 226//116 228//116
o Cube.049_Cube.055
v -0.989376 0.013046 0.325473
v -0.989148 -0.024900 0.343457
v -0.986330 0.147568 0.609278
v -0.986102 0.109622 0.627261
v -1.906693 0.012356 0.335647
v -1.906465 -0.025590 0.353631
v -1.903647 0.146878 0.619452
v -1.903419 0.108932 0.637436
vn 0.9999 0.0008 -0.0111
vn 0.0097 0.4283 0.9036
vn -0.9999 -0.0008 0.0111
vn -0.0097 -0.4283 -0.9036
vn -0.0054 0.9036 -0.4283
vn 0.0054 -0.9036 0.4283
usemtl None
s off
f 233//117 235//117 236//117 234//117
f 235//118 239//118 240//118 236//118
f 239//119 237//119 238//119 240//119
f 237//120 233//120 234//120 238//120
f 235//121 233//121 237//121 239//121
f 240//122 238//122 234//122 236//122
o Cube.048_Cube.054
v -0.989376 -0.116484 0.043885
v -0.989148 -0.154430 0.061869
v -0.986330 0.018038 0.327690
v -0.986102 -0.019908 0.345674
v -1.906693 -0.117175 0.054060
v -1.906465 -0.155120 0.072043
v -1.903647 0.017347 0.337864
v -1.903419 -0.020598 0.355848
vn 0.9999 0.0008 -0.0111
vn 0.0097 0.4283 0.9036
vn -0.9999 -0.0008 0.0111
vn -0.0097 -0.4283 -0.9036
vn -0.0054 0.9036 -0.4283
vn 0.0054 -0.9036 0.4283
usemtl None
s off
f 241//123 243//123 244//123 242//123
f 243//124 247//124 248//124 244//124
f 247//125 245//125 246//125 248//125
f 245//126 241//126 242//126 246//126
f 243//127 241//127 245//127 247//127
f 248//128 246//128 242//128 244//128
o Cube.047_Cube.053
v -0.989376 -0.249456 -0.229881
v -0.989148 -0.287402 -0.211897
v -0.986330 -0.114934 0.053924
v -0.986102 -0.152880 0.071908
v -1.906693 -0.250147 -0.219706
v -1.906465 -0.288092 -0.201723
v -1.903647 -0.115625 0.064098
v -1.903419 -0.153570 0.082082
vn 0.9999 0.0008 -0.0111
vn 0.0097 0.4283 0.9036
vn -0.9999 -0.0008 0.0111
vn -0.0097 -0.4283 -0.9036
vn -0.0054 0.9036 -0.4283
vn 0.0054 -0.9036 0.4283
usemtl None
s off
f 249//129 251//129 252//129 250//129
f 251//130 255//130 256//130 252//130
f 255//131 253//131 254//131 256//131
f 253//132 249//132 250//132 254//132
f 251//133 249//133 253//133 255//133
f 256//134 254//134 250//134 252//134
o Cube.046_Cube.052
v -0.989376 -0.382428 -0.511469
v -0.989148 -0.420374 -0.493485
v -0.986330 -0.247906 -0.227664
v -0.986102 -0.285852 -0.209680
v -1.906693 -0.383119 -0.501294
v -1.906465 -0.421064 -0.483310
v -1.903647 -0.248597 -0.217489
v -1.903419 -0.286542 -0.199506
vn 0.9999 0.0008 -0.0111
vn 0.0097 0.4283 0.9036
vn -0.9999 -0.0008 0.0111
vn -0.0097 -0.4283 -0.9036
vn -0.0054 0.9036 -0.4283
vn 0.0054 -0.9036 0.4283
usemtl None
s off
f 257//135 259//135 260//135 258//135
f 259//136 263//136 264//136 260//136
f 263//137 261//137 262//137 264//137
f 261//138 257//138 258//138 262//138
f 259//139 257//139 261//139 263//139
f 264//140 262//140 258//140 260//140
o Cube.045_Cube.051
v -0.989376 -0.515400 -0.791101
v -0.989148 -0.553346 -0.773117
v -0.986330 -0.380878 -0.507296
v -0.986102 -0.418824 -0.489313
v -1.906693 -0.516091 -0.780926
v -1.906465 -0.554036 -0.762943
v -1.903647 -0.381569 -0.497122
v -1.903419 -0.419514 -0.479138
vn 0.9999 0.0008 -0.0111
vn 0.0097 0.4283 0.9036
vn -0.9999 -0.0008 0.0111
vn -0.0097 -0.4283 -0.9036
vn -0.0054 0.9036 -0.4283
vn 0.0054 -0.9036 0.4283
usemtl None
s off
f 265//141 267//141 268//141 266//141
f 267//142 271//142 272//142 268//142
f 271//143 269//143 270//143 272//143
f 269//144 265//144 266//144 270//144
f 267//145 265//145 269//145 271//145
f 272//146 270//146 266//146 268//146
o Cube.044_Cube.050
v -0.990128 -0.683603 -1.058198
v -0.990032 -0.719443 -1.036316
v -0.985491 -0.519940 -0.790162
v -0.985395 -0.555780 -0.768280
v -1.907400 -0.678333 -1.045547
v -1.907304 -0.714173 -1.023665
v -1.902763 -0.514670 -0.777511
v -1.902667 -0.550510 -0.755629
vn 0.9999 -0.0057 -0.0138
vn 0.0148 0.5211 0.8534
vn -0.9999 0.0057 0.0138
vn -0.0148 -0.5211 -0.8534
vn -0.0023 0.8535 -0.5211
vn 0.0023 -0.8535 0.5211
usemtl None
s off
f 273//147 275//147 276//147 274//147
f 275//148 279//148 280//148 276//148
f 279//149 277//149 278//149 280//149
f 277//150 273//150 274//150 278//150
f 275//151 273//151 277//151 279//151
f 280//152 278//152 274//152 276//152
o Cube.043_Cube.049
v -0.998174 -0.853149 -1.311527
v -0.997946 -0.888119 -1.288280
v -0.995127 -0.679263 -1.049984
v -0.994899 -0.714233 -1.026737
v -1.915491 -0.852371 -1.301359
v -1.915263 -0.887341 -1.278112
v -1.912444 -0.678485 -1.039816
v -1.912216 -0.713454 -1.016569
vn 0.9999 -0.0008 -0.0111
vn 0.0097 0.5536 0.8327
vn -0.9999 0.0008 0.0111
vn -0.0097 -0.5536 -0.8327
vn -0.0054 0.8328 -0.5536
vn 0.0054 -0.8328 0.5536
usemtl None
s off
f 281//153 283//153 284//153 282//153
f 283//154 287//154 288//154 284//154
f 287//155 285//155 286//155 288//155
f 285//156 281//156 282//156 286//156
f 283//157 281//157 285//157 287//157
f 288//158 286//158 282//158 284//158
o Cube.042_Cube.048
v -0.998899 -1.043999 -1.564134
v -0.998613 -1.077376 -1.538652
v -0.996170 -0.853397 -1.314506
v -0.995883 -0.886774 -1.289025
v -1.916217 -1.044136 -1.553999
v -1.915931 -1.077512 -1.528518
v -1.913488 -0.853534 -1.304372
v -1.913201 -0.886910 -1.278890
vn 0.9999 0.0001 -0.0110
vn 0.0087 0.6068 0.7948
vn -0.9999 -0.0001 0.0110
vn -0.0087 -0.6068 -0.7948
vn -0.0068 0.7948 -0.6068
vn 0.0068 -0.7948 0.6068
usemtl None
s off
f 289//159 291//159 292//159 290//159
f 291//160 295//160 296//160 292//160
f 295//161 293//161 294//161 296//161
f 293//162 289//162 290//162 294//162
f 291//163 289//163 293//163 295//163
f 296//164 294//164 290//164 292//164
o Cube.041_Cube.047
v -1.007839 -1.340659 -1.656322
v -1.007914 -1.353480 -1.616335
v -1.008674 -1.041569 -1.560433
v -1.008749 -1.054389 -1.520445
v -1.925209 -1.342482 -1.658623
v -1.925283 -1.355303 -1.618636
v -1.926044 -1.043392 -1.562734
v -1.926118 -1.056212 -1.522747
vn 1.0000 0.0020 0.0025
vn -0.0027 0.9523 0.3053
vn -1.0000 -0.0020 -0.0025
vn 0.0027 -0.9523 -0.3053
vn 0.0018 0.3053 -0.9523
vn -0.0018 -0.3053 0.9523
usemtl None
s off
f 297//165 299//165 300//165 298//165
f 299//166 303//166 304//166 300//166
f 303//167 301//167 302//167 304//167
f 301//168 297//168 298//168 302//168
f 299//169 297//169 301//169 303//169
f 304//170 302//170 298//170 300//170
o Cube.040_Cube.046
v -0.972443 -1.577545 0.609325
v -0.972443 -1.540867 0.588878
v -0.972443 -1.730482 0.334983
v -0.972443 -1.693804 0.314536
v -1.889791 -1.577545 0.609325
v -1.889791 -1.540867 0.588878
v -1.889791 -1.730482 0.334983
v -1.889791 -1.693804 0.314536
vn 1.0000 0.0000 0.0000
vn 0.0000 -0.4869 -0.8734
vn -1.0000 0.0000 0.0000
vn 0.0000 0.4869 0.8734
vn 0.0000 -0.8734 0.4869
vn 0.0000 0.8734 -0.4869
usemtl None
s off
f 305//171 307//171 308//171 306//171
f 307//172 311//172 312//172 308//172
f 311//173 309//173 310//173 312//173
f 309//174 305//174 306//174 310//174
f 307//175 305//175 309//175 311//175
f 312//176 310//176 306//176 308//176
o Cube.039_Cube.045
v -0.972443 -1.729581 0.337649
v -0.972443 -1.692902 0.317202
v -0.972443 -1.882518 0.063307
v -0.972443 -1.845840 0.042860
v -1.889791 -1.729581 0.337649
v -1.889791 -1.692902 0.317202
v -1.889791 -1.882518 0.063307
v -1.889791 -1.845840 0.042860
vn 1.0000 0.0000 0.0000
vn 0.0000 -0.4869 -0.8734
vn -1.0000 0.0000 0.0000
vn 0.0000 0.4869 0.8734
vn 0.0000 -0.8734 0.4869
vn 0.0000 0.8734 -0.4869
usemtl None
s off
f 313//177 315//177 316//177 314//177
f 315//178 319//178 320//178 316//178
f 319//179 317//179 318//179 320//179
f 317//180 313//180 314//180 318//180
f 315//181 313//181 317//181 319//181
f 320//182 318//182 314//182 316//182
o Cube.038_Cube.044
v -0.972443 -1.882910 0.063708
v -0.972443 -1.841668 0.055807
v -0.972443 -1.942013 -0.244773
v -0.972443 -1.900770 -0.252674
v -1.889791 -1.882910 0.063708
v -1.889791 -1.841668 0.055807
v -1.889791 -1.942013 -0.244773
v -1.889791 -1.900770 -0.252674
vn 1.0000 0.0000 0.0000
vn 0.0000 -0.1882 -0.9821
vn -1.0000 -0.0000 0.0000
vn 0.0000 0.1882 0.9821
vn 0.0000 -0.9821 0.1882
vn 0.0000 0.9821 -0.1882
usemtl None
s off
f 321//183 323//183 324//183 322//183
f 323//184 327//184 328//184 324//184
f 327//185 325//185 326//185 328//185
f 325//186 321//186 322//186 326//186
f 323//187 321//187 325//187 327//187
f 328//188 326//188 322//188 324//188
o Cube.037_Cube.043
v -0.970731 -1.939207 -0.254026
v -0.970786 -1.898285 -0.244605
v -0.974156 -1.868749 -0.560094
v -0.974211 -1.827827 -0.550673
v -1.888023 -1.942627 -0.244549
v -1.888078 -1.901705 -0.235128
v -1.891448 -1.872170 -0.550617
v -1.891503 -1.831248 -0.541196
vn 0.9999 0.0037 -0.0103
vn -0.0109 0.2243 -0.9745
vn -0.9999 -0.0037 0.0103
vn 0.0109 -0.2243 0.9745
vn 0.0013 -0.9745 -0.2243
vn -0.0013 0.9745 0.2243
usemtl None
s off
f 329//189 331//189 332//189 330//189
f 331//190 335//190 336//190 332//190
f 335//191 333//191 334//191 336//191
f 333//192 329//192 330//192 334//192
f 331//193 329//193 333//193 335//193
f 336//194 334//194 330//194 332//194
o Cube.036_Cube.042
v -0.973625 -1.598954 -1.442979
v -0.973510 -1.573111 -1.409880
v -0.971681 -1.351396 -1.636278
v -0.971566 -1.325553 -1.603180
v -1.890952 -1.592931 -1.444490
v -1.890837 -1.567088 -1.411391
v -1.889008 -1.345373 -1.637789
v -1.888893 -1.319530 -1.604691
vn 1.0000 -0.0066 0.0016
vn 0.0062 0.7882 -0.6154
vn -1.0000 0.0066 -0.0016
vn -0.0062 -0.7882 0.6154
vn -0.0027 -0.6154 -0.7882
vn 0.0027 0.6154 0.7882
usemtl None
s off
f 337//195 339//195 340//195 338//195
f 339//196 343//196 344//196 340//196
f 343//197 341//197 342//197 344//197
f 341//198 337//198 338//198 342//198
f 339//199 337//199 341//199 343//199
f 344//200 342//200 338//200 340//200
o Cube.035_Cube.041
v -0.970731 -1.939207 -0.254026
v -0.970786 -1.898285 -0.244605
v -0.974156 -1.868749 -0.560094
v -0.974211 -1.827827 -0.550673
v -1.888023 -1.942627 -0.244549
v -1.888078 -1.901705 -0.235128
v -1.891448 -1.872170 -0.550617
v -1.891503 -1.831248 -0.541196
vn 0.9999 0.0037 -0.0103
vn -0.0109 0.2243 -0.9745
vn -0.9999 -0.0037 0.0103
vn 0.0109 -0.2243 0.9745
vn 0.0013 -0.9745 -0.2243
vn -0.0013 0.9745 0.2243
usemtl None
s off
f 345//201 347//201 348//201 346//201
f 347//202 351//202 352//202 348//202
f 351//203 349//203 350//203 352//203
f 349//204 345//204 346//204 350//204
f 347//205 345//205 349//205 351//205
f 352//206 350//206 346//206 348//206
o Cube.034_Cube.040
v -0.965267 -1.875018 -0.547956
v -0.965322 -1.834096 -0.538535
v -0.968692 -1.804561 -0.854024
v -0.968747 -1.763639 -0.844603
v -1.882560 -1.878439 -0.538479
v -1.882615 -1.837517 -0.529058
v -1.885985 -1.807981 -0.844547
v -1.886040 -1.767059 -0.835126
vn 0.9999 0.0037 -0.0103
vn -0.0109 0.2243 -0.9745
vn -0.9999 -0.0037 0.0103
vn 0.0109 -0.2243 0.9745
vn 0.0013 -0.9745 -0.2243
vn -0.0013 0.9745 0.2243
usemtl None
s off
f 353//207 355//207 356//207 354//207
f 355//208 359//208 360//208 356//208
f 359//209 357//209 358//209 360//209
f 357//210 353//210 354//210 358//210
f 355//211 353//211 357//211 359//211
f 360//212 358//212 354//212 356//212
o Cube.029_Cube.039
v -0.959520 -1.804074 -0.852020
v -0.959575 -1.763152 -0.842599
v -0.962945 -1.733616 -1.158088
v -0.963000 -1.692694 -1.148667
v -1.876812 -1.807494 -0.842543
v -1.876868 -1.766572 -0.833122
v -1.880237 -1.737037 -1.148611
v -1.880293 -1.696115 -1.139190
vn 0.9999 0.0037 -0.0103
vn -0.0109 0.2243 -0.9745
vn -0.9999 -0.0037 0.0103
vn 0.0109 -0.2243 0.9745
vn 0.0013 -0.9745 -0.2243
vn -0.0013 0.9745 0.2243
usemtl None
s off
f 361//213 363//213 364//213 362//213
f 363//214 367//214 368//214 364//214
f 367//215 365//215 366//215 368//215
f 365//216 361//216 362//216 366//216
f 363//217 361//217 365//217 367//217
f 368//218 366//218 362//218 364//218
o Cube.028_Cube.038
v -0.953550 -1.731950 -1.155311
v -0.953432 -1.693807 -1.137748
v -0.957963 -1.600585 -1.440578
v -0.957846 -1.562442 -1.423015
v -1.870803 -1.735017 -1.142534
v -1.870686 -1.696874 -1.124971
v -1.875216 -1.603652 -1.427801
v -1.875099 -1.565509 -1.410238
vn 0.9999 0.0033 -0.0139
vn -0.0141 0.4182 -0.9082
vn -0.9999 -0.0033 0.0139
vn 0.0141 -0.4182 0.9082
vn -0.0028 -0.9083 -0.4182
vn 0.0028 0.9083 0.4182
usemtl None
s off
f 369//219 371//219 372//219 370//219
f 371//220 375//220 376//220 372//220
f 375//221 373//221 374//221 376//221
f 373//222 369//222 370//222 374//222
f 371//223 369//223 373//223 375//223
f 376//224 374//224 370//224 372//224
o Cube.033_Cube.037
v 0.929018 -1.735017 -1.142534
v 0.929136 -1.696874 -1.124971
v 0.924605 -1.603652 -1.427801
v 0.924722 -1.565509 -1.410238
v 1.846272 -1.731950 -1.155311
v 1.846389 -1.693807 -1.137748
v 1.841859 -1.600585 -1.440578
v 1.841976 -1.562442 -1.423015
vn -0.9999 -0.0033 0.0139
vn -0.0141 0.4182 -0.9082
vn 0.9999 0.0033 -0.0139
vn 0.0141 -0.4182 0.9082
vn -0.0028 -0.9083 -0.4182
vn 0.0028 0.9083 0.4182
usemtl None
s off
f 377//225 378//225 380//225 379//225
f 379//226 380//226 384//226 383//226
f 383//227 384//227 382//227 381//227
f 381//228 382//228 378//228 377//228
f 379//229 383//229 381//229 377//229
f 384//230 380//230 378//230 382//230
o Cube.032_Cube.036
v 0.934173 -1.807494 -0.842543
v 0.934118 -1.766572 -0.833122
v 0.930748 -1.737037 -1.148611
v 0.930693 -1.696115 -1.139190
v 1.851465 -1.804074 -0.852020
v 1.851410 -1.763152 -0.842599
v 1.848040 -1.733616 -1.158088
v 1.847985 -1.692694 -1.148667
vn -0.9999 -0.0037 0.0103
vn -0.0109 0.2243 -0.9745
vn 0.9999 0.0037 -0.0103
vn 0.0109 -0.2243 0.9745
vn 0.0013 -0.9745 -0.2243
vn -0.0013 0.9745 0.2243
usemtl None
s off
f 385//231 386//231 388//231 387//231
f 387//232 388//232 392//232 391//232
f 391//233 392//233 390//233 389//233
f 389//234 390//234 386//234 385//234
f 387//235 391//235 389//235 385//235
f 392//236 388//236 386//236 390//236
o Cube.031_Cube.035
v 1.030728 -1.878439 -0.538479
v 1.030673 -1.837517 -0.529058
v 1.027303 -1.807981 -0.844547
v 1.027248 -1.767059 -0.835126
v 1.948021 -1.875018 -0.547956
v 1.947966 -1.834096 -0.538535
v 1.944596 -1.804561 -0.854024
v 1.944541 -1.763639 -0.844603
vn -0.9999 -0.0037 0.0103
vn -0.0109 0.2243 -0.9745
vn 0.9999 0.0037 -0.0103
vn 0.0109 -0.2243 0.9745
vn 0.0013 -0.9745 -0.2243
vn -0.0013 0.9745 0.2243
usemtl None
s off
f 393//237 394//237 396//237 395//237
f 395//238 396//238 400//238 399//238
f 399//239 400//239 398//239 397//239
f 397//240 398//240 394//240 393//240
f 395//241 399//241 397//241 393//241
f 400//242 396//242 394//242 398//242
o Cube.027_Cube.034
v 1.036192 -1.942627 -0.244549
v 1.036137 -1.901705 -0.235128
v 1.032767 -1.872170 -0.550617
v 1.032712 -1.831248 -0.541196
v 1.953485 -1.939207 -0.254026
v 1.953429 -1.898285 -0.244605
v 1.950060 -1.868749 -0.560094
v 1.950004 -1.827827 -0.550673
vn -0.9999 -0.0037 0.0103
vn -0.0109 0.2243 -0.9745
vn 0.9999 0.0037 -0.0103
vn 0.0109 -0.2243 0.9745
vn 0.0013 -0.9745 -0.2243
vn -0.0013 0.9745 0.2243
usemtl None
s off
f 401//243 402//243 404//243 403//243
f 403//244 404//244 408//244 407//244
f 407//245 408//245 406//245 405//245
f 405//246 406//246 402//246 401//246
f 403//247 407//247 405//247 401//247
f 408//248 404//248 402//248 406//248
o Cube.030_Cube.033
v 0.942739 -1.592931 -1.444490
v 0.942854 -1.567088 -1.411391
v 0.944683 -1.345373 -1.637789
v 0.944798 -1.319530 -1.604691
v 1.860066 -1.598954 -1.442979
v 1.860181 -1.573111 -1.409880
v 1.862010 -1.351396 -1.636278
v 1.862125 -1.325553 -1.603180
vn -1.0000 0.0066 -0.0016
vn 0.0062 0.7882 -0.6154
vn 1.0000 -0.0066 0.0016
vn -0.0062 -0.7882 0.6154
vn -0.0027 -0.6154 -0.7882
vn 0.0027 0.6154 0.7882
usemtl None
s off
f 409//249 410//249 412//249 411//249
f 411//250 412//250 416//250 415//250
f 415//251 416//251 414//251 413//251
f 413//252 414//252 410//252 409//252
f 411//253 415//253 413//253 409//253
f 416//254 412//254 410//254 414//254
o Cube.026_Cube.029
v 1.036192 -1.942627 -0.244549
v 1.036137 -1.901705 -0.235128
v 1.032767 -1.872170 -0.550617
v 1.032712 -1.831248 -0.541196
v 1.953485 -1.939207 -0.254026
v 1.953429 -1.898285 -0.244605
v 1.950060 -1.868749 -0.560094
v 1.950004 -1.827827 -0.550673
vn -0.9999 -0.0037 0.0103
vn -0.0109 0.2243 -0.9745
vn 0.9999 0.0037 -0.0103
vn 0.0109 -0.2243 0.9745
vn 0.0013 -0.9745 -0.2243
vn -0.0013 0.9745 0.2243
usemtl None
s off
f 417//255 418//255 420//255 419//255
f 419//256 420//256 424//256 423//256
f 423//257 424//257 422//257 421//257
f 421//258 422//258 418//258 417//258
f 419//259 423//259 421//259 417//259
f 424//260 420//260 418//260 422//260
o Cube.025_Cube.028
v 1.034424 -1.882910 0.063708
v 1.034424 -1.841668 0.055807
v 1.034424 -1.942013 -0.244773
v 1.034424 -1.900770 -0.252674
v 1.951772 -1.882910 0.063708
v 1.951772 -1.841668 0.055807
v 1.951772 -1.942013 -0.244773
v 1.951772 -1.900770 -0.252674
vn -1.0000 0.0000 0.0000
vn 0.0000 -0.1882 -0.9821
vn 1.0000 -0.0000 0.0000
vn 0.0000 0.1882 0.9821
vn 0.0000 -0.9821 0.1882
vn 0.0000 0.9821 -0.1882
usemtl None
s off
f 425//261 426//261 428//261 427//261
f 427//262 428//262 432//262 431//262
f 431//263 432//263 430//263 429//263
f 429//264 430//264 426//264 425//264
f 427//265 431//265 429//265 425//265
f 432//266 428//266 426//266 430//266
o Cube.024_Cube.027
v 0.943616 -1.729581 0.337649
v 0.943616 -1.692902 0.317202
v 0.943616 -1.882518 0.063307
v 0.943616 -1.845840 0.042860
v 1.860964 -1.729581 0.337649
v 1.860964 -1.692902 0.317202
v 1.860964 -1.882518 0.063307
v 1.860964 -1.845840 0.042860
vn -1.0000 -0.0000 0.0000
vn 0.0000 -0.4869 -0.8734
vn 1.0000 0.0000 0.0000
vn 0.0000 0.4869 0.8734
vn 0.0000 -0.8734 0.4869
vn 0.0000 0.8734 -0.4869
usemtl None
s off
f 433//267 434//267 436//267 435//267
f 435//268 436//268 440//268 439//268
f 439//269 440//269 438//269 437//269
f 437//270 438//270 434//270 433//270
f 435//271 439//271 437//271 433//271
f 440//272 436//272 434//272 438//272
o Cube.023_Cube.026
v 0.943616 -1.577545 0.609325
v 0.943616 -1.540867 0.588878
v 0.943616 -1.730482 0.334983
v 0.943616 -1.693804 0.314536
v 1.860964 -1.577545 0.609325
v 1.860964 -1.540867 0.588878
v 1.860964 -1.730482 0.334983
v 1.860964 -1.693804 0.314536
vn -1.0000 -0.0000 0.0000
vn 0.0000 -0.4869 -0.8734
vn 1.0000 0.0000 0.0000
vn 0.0000 0.4869 0.8734
vn 0.0000 -0.8734 0.4869
vn 0.0000 0.8734 -0.4869
usemtl None
s off
f 441//273 442//273 444//273 443//273
f 443//274 444//274 448//274 447//274
f 447//275 448//275 446//275 445//275
f 445//276 446//276 442//276 441//276
f 443//277 447//277 445//277 441//277
f 448//278 444//278 442//278 446//278
o Cube.022_Cube.025
v 0.979922 -1.342482 -1.658623
v 0.979847 -1.355303 -1.618636
v 0.979087 -1.043392 -1.562734
v 0.979012 -1.056212 -1.522747
v 1.897291 -1.340659 -1.656322
v 1.897216 -1.353480 -1.616335
v 1.896456 -1.041569 -1.560433
v 1.896381 -1.054389 -1.520445
vn -1.0000 -0.0020 -0.0025
vn -0.0027 0.9523 0.3053
vn 1.0000 0.0020 0.0025
vn 0.0027 -0.9523 -0.3053
vn 0.0018 0.3053 -0.9523
vn -0.0018 -0.3053 0.9523
usemtl None
s off
f 449//279 450//279 452//279 451//279
f 451//280 452//280 456//280 455//280
f 455//281 456//281 454//281 453//281
f 453//282 454//282 450//282 449//282
f 451//283 455//283 453//283 449//283
f 456//284 452//284 450//284 454//284
o Cube.021_Cube.023
v 0.967056 -1.044136 -1.553999
v 0.967343 -1.077512 -1.528518
v 0.969786 -0.853534 -1.304372
v 0.970072 -0.886910 -1.278890
v 1.884374 -1.043999 -1.564134
v 1.884661 -1.077376 -1.538652
v 1.887104 -0.853397 -1.314506
v 1.887390 -0.886774 -1.289025
vn -0.9999 -0.0001 0.0110
vn 0.0087 0.6068 0.7948
vn 0.9999 0.0001 -0.0110
vn -0.0087 -0.6068 -0.7948
vn -0.0068 0.7948 -0.6068
vn 0.0068 -0.7948 0.6068
usemtl None
s off
f 457//285 458//285 460//285 459//285
f 459//286 460//286 464//286 463//286
f 463//287 464//287 462//287 461//287
f 461//288 462//288 458//288 457//288
f 459//289 463//289 461//289 457//289
f 464//290 460//290 458//290 462//290
o Cube.020_Cube.022
v 0.966072 -0.852371 -1.301359
v 0.966300 -0.887341 -1.278112
v 0.969119 -0.678485 -1.039816
v 0.969347 -0.713454 -1.016569
v 1.883389 -0.853149 -1.311527
v 1.883617 -0.888119 -1.288280
v 1.886436 -0.679263 -1.049984
v 1.886664 -0.714233 -1.026737
vn -0.9999 0.0009 0.0111
vn 0.0097 0.5536 0.8327
vn 0.9999 -0.0008 -0.0111
vn -0.0097 -0.5536 -0.8327
vn -0.0054 0.8328 -0.5536
vn 0.0054 -0.8328 0.5536
usemtl None
s off
f 465//291 466//291 468//291 467//291
f 467//292 468//292 472//292 471//292
f 471//293 472//293 470//293 469//293
f 469//294 470//294 466//294 465//294
f 467//295 471//295 469//295 465//295
f 472//296 468//296 466//296 470//296
o Cube.019_Cube.021
v 0.956568 -0.678333 -1.045547
v 0.956664 -0.714173 -1.023665
v 0.961205 -0.514670 -0.777511
v 0.961301 -0.550510 -0.755629
v 1.873840 -0.683603 -1.058198
v 1.873935 -0.719443 -1.036316
v 1.878477 -0.519940 -0.790162
v 1.878573 -0.555780 -0.768280
vn -0.9999 0.0057 0.0138
vn 0.0148 0.5211 0.8534
vn 0.9999 -0.0057 -0.0138
vn -0.0148 -0.5211 -0.8534
vn -0.0023 0.8535 -0.5211
vn 0.0023 -0.8535 0.5211
usemtl None
s off
f 473//297 474//297 476//297 475//297
f 475//298 476//298 480//298 479//298
f 479//299 480//299 478//299 477//299
f 477//300 478//300 474//300 473//300
f 475//301 479//301 477//301 473//301
f 480//302 476//302 474//302 478//302
o Cube.018_Cube.020
v 0.957274 -0.516091 -0.780926
v 0.957502 -0.554036 -0.762943
v 0.960321 -0.381569 -0.497122
v 0.960549 -0.419514 -0.479138
v 1.874592 -0.515400 -0.791101
v 1.874820 -0.553346 -0.773117
v 1.877638 -0.380878 -0.507296
v 1.877866 -0.418824 -0.489313
vn -0.9999 -0.0008 0.0111
vn 0.0097 0.4283 0.9036
vn 0.9999 0.0007 -0.0111
vn -0.0097 -0.4283 -0.9036
vn -0.0054 0.9036 -0.4283
vn 0.0054 -0.9036 0.4283
usemtl None
s off
f 481//303 482//303 484//303 483//303
f 483//304 484//304 488//304 487//304
f 487//305 488//305 486//305 485//305
f 485//306 486//306 482//306 481//306
f 483//307 487//307 485//307 481//307
f 488//308 484//308 482//308 486//308
o Cube.017_Cube.019
v 0.957274 -0.383119 -0.501294
v 0.957502 -0.421064 -0.483310
v 0.960321 -0.248597 -0.217489
v 0.960549 -0.286542 -0.199506
v 1.874592 -0.382428 -0.511469
v 1.874820 -0.420374 -0.493485
v 1.877638 -0.247906 -0.227664
v 1.877866 -0.285852 -0.209680
vn -0.9999 -0.0008 0.0111
vn 0.0097 0.4283 0.9036
vn 0.9999 0.0007 -0.0111
vn -0.0097 -0.4283 -0.9036
vn -0.0054 0.9036 -0.4283
vn 0.0054 -0.9036 0.4283
usemtl None
s off
f 489//309 490//309 492//309 491//309
f 491//310 492//310 496//310 495//310
f 495//311 496//311 494//311 493//311
f 493//312 494//312 490//312 489//312
f 491//313 495//313 493//313 489//313
f 496//314 492//314 490//314 494//314
o Cube.016_Cube.018
v 0.957274 -0.250147 -0.219706
v 0.957502 -0.288092 -0.201723
v 0.960321 -0.115625 0.064098
v 0.960549 -0.153570 0.082082
v 1.874592 -0.249456 -0.229881
v 1.874820 -0.287402 -0.211897
v 1.877638 -0.114934 0.053924
v 1.877866 -0.152880 0.071908
vn -0.9999 -0.0008 0.0111
vn 0.0097 0.4283 0.9036
vn 0.9999 0.0007 -0.0111
vn -0.0097 -0.4283 -0.9036
vn -0.0054 0.9036 -0.4283
vn 0.0054 -0.9036 0.4283
usemtl None
s off
f 497//315 498//315 500//315 499//315
f 499//316 500//316 504//316 503//316
f 503//317 504//317 502//317 501//317
f 501//318 502//318 498//318 497//318
f 499//319 503//319 501//319 497//319
f 504//320 500//320 498//320 502//320
o Cube.015_Cube.017
v 0.957274 -0.117174 0.054060
v 0.957502 -0.155120 0.072043
v 0.960321 0.017347 0.337864
v 0.960549 -0.020598 0.355848
v 1.874592 -0.116484 0.043885
v 1.874820 -0.154430 0.061869
v 1.877638 0.018038 0.327690
